395 83
391 87
389 93
383 105
379 110
377 115
375 123
371 128
368 133
369 139
366 147
357 166
354 173
349 178
327 239
324 243
316 260
314 264
302 288
297 300
295 304
293 309
289 315
287 320
279 342
273 347
270 354
269 359
266 363
264 368
261 373
258 379
256 383
254 387
251 393
248 397
237 422
234 430
221 450
215 458
216 464
213 470
209 474
202 489
198 496
197 503
193 507
186 521
184 528
180 538
176 543
173 548
171 554
167 560
165 565
192 571
196 561
199 556
202 549
210 534
212 529
214 524
216 519
219 514
221 507
224 500
232 481
234 475
236 471
241 464
246 451
250 446
254 441
256 434
267 416
271 405
274 398
388 134
402 104
407 96
444 102
441 106
436 113
434 117
426 131
423 137
419 143
415 149
405 172
403 177
400 182
396 189
385 248
383 253
379 260
374 265
372 271
370 275
367 279
363 298
356 299
355 304
351 310
348 316
345 322
342 327
341 331
337 336
334 341
333 346
329 354
327 359
326 363
323 368
320 372
317 378
314 383
312 386
308 392
305 397
303 403
301 407
299 411
296 416
293 422
290 426
362 291
365 284
281 444
279 452
275 458
273 462
269 466
267 471
264 476
261 482
258 486
235 532
232 538
228 543
226 549
222 553
220 559
214 573
213 578
238 587
240 581
245 572
247 566
250 561
252 555
255 550
257 545
259 539
262 534
265 530
267 524
311 447
313 440
323 425
325 421
327 416
330 410
333 405
335 399
338 394
340 390
343 386
346 381
348 377
351 372
362 357
364 352
366 348
369 342
370 336
373 331
375 327
377 323
380 318
384 314
388 309
392 303
397 297
404 200
406 194
409 189
411 184
414 178
418 173
421 167
426 162
429 158
432 153
434 147
436 140
438 135
441 128
446 120
449 114
453 109
457 102
474 127
468 132
461 140
456 145
453 152
451 157
448 161
445 167
441 175
439 181
434 189
430 195
426 201
423 209
435 225
436 218
441 208
441 203
444 196
450 190
455 181
458 175
460 170
463 165
467 158
469 151
473 143
434 253
423 266
505 143
502 148
500 153
498 158
495 165
492 171
490 175
486 182
484 185
481 191
478 203
475 209
464 235
461 240
459 245
433 279
430 285
428 290
425 295
422 300
420 304
414 313
411 318
402 336
397 340
394 346
392 351
389 355
387 360
385 365
383 368
372 386
370 391
368 396
364 402
362 406
359 410
356 415
353 423
349 428
347 433
344 438
341 441
338 446
336 453
289 532
285 541
282 548
280 553
274 563
271 569
269 574
265 582
263 586
261 591
259 596
257 601
277 613
280 608
283 603
285 597
287 593
291 588
292 582
294 576
300 567
303 561
306 555
331 510
331 503
336 497
339 494
341 488
344 483
357 464
359 460
362 455
364 451
367 445
369 440
372 434
375 428
378 423
381 418
383 413
386 408
388 404
393 400
396 395
385 390
404 376
407 371
409 367
413 362
415 357
417 352
420 348
423 343
425 338
427 334
433 329
435 324
437 320
441 315
442 310
445 304
470 258
476 241
481 230
482 227
484 221
487 216
489 211
490 205
493 199
495 194
498 189
499 183
502 178
504 174
507 166
511 156
514 149
516 144
520 137
568 104
591 95
605 85
599 100
544 155
541 161
534 177
531 181
528 187
526 193
521 204
516 210
509 225
503 239
496 256
493 262
476 300
472 306
470 311
467 316
463 320
461 324
459 330
455 335
454 339
450 344
447 349
445 355
444 358
441 364
439 369
436 373
433 378
431 383
429 388
419 403
416 411
412 416
408 420
405 425
403 431
402 437
397 442
394 447
392 451
389 456
385 460
383 465
379 472
377 476
367 496
360 508
357 514
353 520
349 524
347 529
344 536
335 554
331 560
329 565
326 572
321 582
318 587
315 593
314 598
311 602
309 607
305 613
302 618
324 624
327 619
335 605
338 597
349 577
352 571
354 566
365 550
367 544
389 520
397 487
400 482
402 477
407 473
411 467
413 463
416 459
417 453
420 448
423 442
426 438
428 431
434 419
436 415
444 402
447 397
450 393
453 388
456 384
456 379
460 372
463 367
475 345
478 341
480 336
482 330
484 325
488 322
490 319
492 313
502 275
510 253
515 247
519 237
522 233
524 227
526 221
528 215
531 210
534 205
537 199
539 194
540 189
543 184
545 178
549 172
552 165
553 159
556 154
624 128
620 139
591 159
585 175
572 200
567 210
563 218
557 233
553 243
551 247
549 251
541 268
538 272
534 278
533 284
535 292
545 280
550 271
569 236
570 230
573 226
582 206
585 202
590 189
594 182
515 323
513 326
508 331
506 336
502 343
499 347
495 355
493 360
490 365
488 371
486 376
484 381
481 385
478 389
476 394
474 400
471 404
468 408
467 413
454 431
452 436
451 441
448 446
444 451
441 455
439 460
437 465
434 470
431 475
429 480
425 485
421 494
417 499
394 545
392 550
376 577
374 583
371 588
368 593
364 600
361 605
358 611
357 615
353 620
348 630
371 648
370 636
373 630
374 626
382 616
385 610
387 603
390 598
393 592
396 588
402 573
405 568
407 564
409 559
412 555
413 550
418 544
418 538
423 534
425 529
437 509
439 505
441 499
444 495
446 490
448 485
454 481
459 479
458 470
487 421
490 416
492 412
494 407
496 403
499 399
501 394
503 390
506 386
508 381
511 376
514 371
516 366
518 360
520 357
523 351
524 347
526 343
529 336
531 332
387 656
389 651
391 646
394 641
397 636
399 629
403 624
406 619
408 614
411 607
413 603
415 597
425 580
425 575
429 570
431 565
433 560
435 553
438 548
441 544
443 540
457 521
459 515
461 510
464 505
467 501
470 496
472 492
475 487
478 483
479 478
482 473
485 468
488 464
490 458
492 455
494 448
506 431
508 427
510 423
512 418
514 412
516 407
519 402
520 397
524 394
527 390
530 385
532 381
535 376
537 371
539 367
542 361
544 357
547 353
549 347
552 342
572 312
580 283
583 279
590 262
619 214
592 286
581 315
628 200
631 193
633 188
636 181
646 186
645 191
643 197
640 203
656 189
656 197
654 203
652 209
663 206
665 199
667 194
652 218
648 222
645 228
642 233
639 238
637 243
635 248
631 253
623 270
621 275
618 282
615 287
613 294
611 299
608 305
604 310
602 317
612 323
614 318
616 312
619 305
622 300
629 294
634 279
636 273
649 252
657 237
661 229
676 229
693 238
679 267
676 274
687 280
691 272
692 267
678 298
663 308
661 314
659 319
655 325
651 338
663 343
668 331
670 324
672 318
674 311
714 227
706 207
689 205
690 198
804 194
809 198
816 201
794 214
732 237
730 242
727 251
723 257
721 263
718 268
717 272
713 282
711 288
707 293
705 300
702 306
701 312
699 319
695 326
693 331
690 338
689 343
685 349
698 357
701 351
702 345
706 337
706 331
710 325
713 319
715 312
718 305
720 300
722 292
726 285
728 279
731 274
733 267
736 261
738 255
740 249
743 243
765 235
763 241
760 248
757 255
755 261
752 268
749 274
746 280
744 285
742 291
739 297
737 305
736 311
734 318
731 325
728 331
725 337
721 344
719 350
717 357
715 363
727 369
728 361
730 356
733 350
736 343
739 337
741 329
744 323
746 317
749 311
751 304
752 297
758 284
761 278
762 273
766 268
768 262
772 255
774 246
777 240
571 351
568 355
566 359
563 364
561 369
560 374
556 379
552 384
551 389
549 394
547 397
545 402
542 407
540 411
537 416
535 422
532 426
531 431
528 436
525 440
516 446
517 459
514 464
511 471
509 474
505 478
504 484
501 489
499 493
497 498
494 502
492 506
488 511
485 516
484 520
481 525
480 531
469 551
465 555
462 559
459 565
458 571
454 575
450 580
449 585
447 591
440 607
438 611
434 617
431 624
428 631
421 641
418 651
415 657
412 663
434 668
437 662
442 652
448 642
450 636
452 630
455 624
459 619
467 603
471 597
474 593
475 586
479 581
480 575
483 571
486 567
488 562
499 541
501 537
504 532
507 528
509 523
511 518
514 515
516 510
519 504
521 501
524 495
525 491
528 486
530 482
532 477
535 469
550 447
550 442
553 437
556 434
559 430
561 425
562 419
565 415
568 409
570 405
573 399
577 394
579 388
582 384
582 380
586 375
587 370
590 366
591 360
617 371
614 376
610 381
607 387
605 391
602 396
601 401
597 407
595 412
593 417
590 421
588 426
585 430
582 435
580 440
578 444
576 449
573 454
571 458
568 461
558 481
556 487
552 493
551 497
548 502
545 507
543 512
541 517
539 521
535 526
534 530
531 535
528 539
526 544
524 549
521 554
510 573
509 578
506 583
504 588
501 593
499 598
496 604
493 609
492 615
489 620
483 629
481 633
474 648
464 668
461 674
458 680
479 691
484 680
490 664
509 630
511 626
513 620
516 614
518 611
520 606
524 600
527 596
528 591
531 585
542 565
546 561
547 555
550 550
553 546
554 542
556 537
559 532
561 528
564 522
566 517
569 513
571 508
574 503
577 499
579 491
590 472
591 469
594 464
596 459
598 450
603 445
607 440
609 435
611 431
615 423
618 417
620 413
623 408
624 404
628 397
629 393
631 389
665 400
663 407
659 416
657 421
655 427
651 433
649 438
647 442
645 448
640 456
638 461
636 465
632 471
627 484
625 489
622 494
619 500
616 505
613 510
612 516
596 552
593 556
587 567
584 573
581 578
577 584
571 595
568 600
564 605
561 609
553 621
548 633
532 653
529 659
527 665
525 671
523 677
520 684
516 696
524 701
526 695
529 688
531 682
533 676
535 670
538 664
541 658
555 640
558 634
561 628
564 624
569 618
572 613
578 607
581 601
583 597
587 591
589 585
593 579
599 570
601 562
606 557
619 522
625 512
628 506
631 499
633 496
637 490
640 484
642 478
645 471
647 466
650 461
653 455
656 450
658 444
660 438
662 434
665 428
668 424
673 410
675 406
718 412
716 416
713 421
711 427
709 433
706 439
703 446
700 453
698 458
696 463
691 470
689 476
688 480
684 489
682 494
681 499
677 505
675 511
673 517
670 522
667 527
664 534
662 540
658 545
657 550
656 556
652 563
651 570
649 576
646 580
643 586
640 591
637 598
626 634
575 689
608 706
660 658
690 642
653 618
659 609
651 598
652 593
654 587
656 581
659 576
661 569
664 562
667 556
669 550
671 545
675 538
675 531
680 526
682 519
684 515
687 510
689 504
692 498
694 491
700 481
701 475
706 469
708 464
710 459
711 454
715 447
716 439
721 433
722 427
725 421
728 415
760 423
758 427
754 433
751 438
749 444
746 451
744 457
740 464
738 468
735 474
734 482
731 486
727 495
725 500
721 507
719 515
719 519
714 524
712 529
709 535
706 542
704 548
703 554
699 560
697 564
694 570
692 575
689 580
687 587
684 594
682 600
694 606
696 599
698 591
700 587
702 582
704 576
706 571
707 564
710 559
714 551
715 546
718 539
721 535
724 531
726 525
728 519
733 507
737 499
740 492
743 486
747 476
751 470
765 440
769 472
814 482
810 493
804 504
800 514
796 525
789 538
783 547
782 557
779 568
775 580
771 589
774 603
776 591
780 581
784 571
790 558
795 542
801 531
807 522
811 506
815 496
822 482
825 473
761 617
755 636
747 646
740 655
825 401
827 397
828 393
829 389
833 388
834 383
836 381
837 377
839 374
839 369
840 365
842 361
844 359
847 353
867 401
869 396
873 391
877 386
880 378
881 373
885 366
887 361
891 355
894 349
896 343
898 337
911 338
908 345
905 351
902 357
899 363
896 369
893 376
891 381
889 386
886 393
880 400
876 407
885 414
888 408
892 399
896 394
899 387
903 381
908 376
910 370
912 366
918 352
923 347
928 342
931 337
941 343
937 348
933 355
931 362
927 367
923 371
919 378
917 383
914 388
911 393
908 397
903 404
902 410
898 422
908 427
910 419
913 407
919 404
921 398
923 388
927 382
929 376
933 373
939 370
941 363
945 358
951 350
955 344
956 364
952 368
949 372
944 377
942 382
939 390
932 406
931 412
922 418
922 423
919 428
974 376
978 371
981 368
986 363
989 358
984 347
996 352
1016 330
1023 331
1030 332
1039 337
1046 334
1057 337
1061 342
1008 389
1000 399
996 411
993 416
990 420
987 425
985 433
981 440
977 445
971 436
966 440
987 451
1015 435
1016 430
1019 425
1023 419
1025 414
1027 408
1031 402
1032 399
1041 403
1041 410
1032 431
1030 438
1022 447
1014 468
1027 471
1027 479
1034 487
1039 482
1044 477
1048 465
1049 458
1052 453
1054 447
1057 440
1060 436
1061 430
1064 426
1069 412
1072 407
1074 401
1078 397
1103 402
1100 409
1099 416
1094 427
1088 438
1085 444
1081 453
1071 490
1078 496
1085 501
1092 503
1100 475
485 768
496 771
508 778
516 782
525 785
529 786
489 797
496 800
500 803
505 805
510 807
515 809
522 811
527 813
533 814
538 816
542 820
547 822
554 826
559 827
373 808
363 821
370 848
374 850
347 878
385 835
390 837
396 839
399 842
403 844
407 847
453 835
459 837
468 841
474 844
480 847
484 849
489 851
493 854
528 863
533 868
540 871
546 875
552 875
558 878
564 881
569 883
573 885
580 887
585 890
589 891
595 895
601 897
608 900
614 902
620 903
627 907
635 909
642 912
647 915
652 917
661 919
613 958
605 956
598 951
593 949
577 941
569 938
563 936
558 934
551 930
539 941
538 925
532 922
525 920
516 916
510 913
681 996
685 999
693 1000
699 1003
705 1005
711 1007
717 1009
724 1013
731 1016
737 1020
743 1022
748 1024
754 1027
759 1029
764 1032
770 1035
776 1038
793 1041
806 977
794 970
780 964
772 962
761 955
748 949
737 943
706 865
713 868
717 871
723 874
727 876
732 880
736 882
744 885
747 888
753 892
759 893
765 895
769 899
775 902
778 905
783 906
791 910
799 910
802 912
807 916
811 918
817 922
823 924
826 925
842 935
849 938
856 941
863 945
869 947
876 950
881 952
890 954
894 957
902 960
910 964
916 966
925 969
932 972
936 974
942 976
962 985
970 988
977 989
984 994
991 996
999 998
1003 1002
1011 1006
1018 1008
1024 1012
1031 1014
1040 1017
1045 1021
1054 1024
1060 1027
1068 1030
1096 1045
1107 1034
1085 1014
1066 1013
1058 1008
1050 1006
1044 1003
1036 1000
1029 997
1022 994
1016 991
1008 988
1001 986
997 984
988 981
982 977
975 974
968 971
950 962
943 959
936 957
928 954
921 951
914 947
893 939
884 936
880 934
873 932
866 929
861 926
852 923
848 921
832 913
827 909
821 908
816 906
810 905
807 903
802 900
798 898
788 893
783 894
780 891
774 887
769 886
764 884
759 880
755 877
751 876
746 873
740 871
736 868
733 864
727 863
723 861
719 858
713 856
708 854
705 853
702 843
708 839
712 844
718 849
723 850
729 852
732 854
738 857
742 859
747 862
751 865
756 866
760 868
765 871
769 872
775 875
780 878
785 880
789 880
794 882
803 887
807 890
813 893
819 895
824 897
828 899
832 901
835 903
1139 1019
1147 1023
1153 1024
1182 1042
1187 1043
1151 1047
1224 1018
1218 1014
862 751
854 746
844 742
835 735
810 727
804 722
800 715
795 708
789 703
783 690
774 671
797 668
794 649
791 632
787 625
787 616
803 604
804 594
807 586
810 577
812 563
823 548
831 542
833 534
835 529
849 536
862 542
870 548
879 550
892 558
875 519
887 521
896 527
903 534
914 540
921 541
930 545
938 550
947 548
955 554
961 557
970 559
978 565
987 567
992 573
998 576
1003 597
981 592
951 577
920 568
1056 670
1052 676
1050 682
1043 698
1033 719
1033 728
1025 744
1022 750
1021 756
1019 764
1032 770
1034 762
1037 757
1040 750
1043 743
1044 740
1048 733
1050 728
1053 724
1055 718
1059 712
1061 703
1063 697
1065 693
1070 688
1068 681
1070 676
1075 670
1097 797
1102 791
1102 785
1132 703
1144 701
1145 695
1234 746
1231 751
1229 756
1227 761
1223 767
1221 773
1218 778
1216 784
1213 788
1210 792
1209 798
1208 805
1216 817
1219 807
1222 802
1224 797
1227 791
1229 786
1231 779
1235 773
1237 769
1239 764
1241 756
1243 750
1242 714
1244 716
1248 720
1259 734
1265 738
1271 740
1276 743
1282 744
1286 748
1291 749
1297 752
1304 750
1310 741
1302 738
1295 736
1291 734
1286 732
1281 729
1272 722
1267 719
1262 716
1309 756
1312 747
1316 748
1314 757
1318 761
1322 763
1327 766
1335 756
1333 766
1336 767
1340 771
1346 772
1351 774
1357 778
1362 779
1367 782
1371 784
1377 784
1383 784
1388 788
1393 791
1398 792
1403 795
1410 798
1414 800
1420 800
1426 804
1436 809
1451 814
1402 780
1397 780
1393 777
1387 775
1381 774
1374 774
1365 768
1361 768
1357 765
1344 760
1458 817
1469 822
1473 825
1477 827
1479 828
1487 816
1481 814
1500 836
1503 838
1509 828
1505 826
1463 858
1461 862
1460 866
1458 871
1456 876
1454 880
1452 884
1450 888
1448 895
1445 900
1443 905
1441 909
1439 914
1437 920
1435 923
1433 929
1431 933
1429 938
1426 944
1416 938
1420 931
1424 914
1427 910
1428 904
1433 898
1436 889
1439 884
1441 879
1443 875
1443 870
1445 866
1447 862
1450 857
1509 960
1514 951
1517 944
1519 940
1519 934
1150 968
1146 974
1134 971
1134 965
1136 957
1138 951
1140 946
1212 564
1221 562
1223 556
1225 551
1228 543
1230 538
1218 535
1209 540
1201 536
1187 536
1166 523
1236 532
1215 514
1210 513
1204 509
1206 494
1211 500
1216 503
1264 482
1258 479
1252 477
1246 475
1240 473
1232 470
1226 468
1219 466
1215 463
1208 462
1200 458
1192 456
1192 442
1199 447
1207 449
1212 452
1220 454
1224 455
1231 456
1237 460
1243 462
1251 464
1258 467
1264 470
1270 473
1278 451
1276 436
1270 431
1264 429
1259 427
1253 424
1249 421
1241 419
1234 415
1226 415
1220 412
1213 410
1208 407
1203 405
1192 427
773 141
778 128
783 115
785 104
761 138
745 150
703 167
705 161
706 156
709 145
711 137
714 132
718 127
723 120
728 110
732 99
733 91
740 86
