35 324
41 323
45 321
50 319
54 319
23 335
34 335
25 347
30 344
38 344
41 345
51 334
62 324
71 317
74 323
58 332
46 405
53 406
64 402
68 402
73 402
77 402
84 400
90 398
95 400
121 382
126 381
130 382
135 380
139 379
145 378
149 376
153 377
159 374
163 375
161 364
157 367
153 367
146 367
166 386
160 388
155 388
148 390
144 392
139 392
136 392
131 394
126 395
157 554
302 599
301 603
300 607
300 613
299 620
307 620
311 613
312 606
312 601
324 603
319 624
319 618
329 627
333 621
331 614
338 616
341 611
336 609
336 602
343 604
357 603
353 608
350 613
345 617
341 624
340 630
355 622
358 616
361 610
365 605
372 604
373 611
371 615
371 618
364 624
361 630
357 636
380 618
384 610
392 617
389 622
385 628
382 632
380 637
383 642
391 646
391 639
397 633
400 625
402 619
411 621
410 626
407 632
402 636
402 640
402 647
443 652
446 644
373 387
459 667
469 667
482 666
485 680
492 682
498 682
509 688
525 682
529 673
491 637
498 636
504 638
510 637
513 637
520 638
526 638
534 638
540 638
545 638
553 638
557 639
563 640
569 643
576 642
580 640
593 644
587 631
582 631
576 629
571 629
564 630
558 629
551 629
546 628
539 629
534 628
528 628
522 628
514 627
509 627
504 627
497 628
491 628
486 632
553 618
560 619
566 618
573 619
578 617
584 619
591 607
589 615
597 606
622 619
621 611
621 605
632 617
633 610
633 605
643 603
641 610
653 611
652 604
667 611
663 605
661 596
662 591
672 589
616 651
622 652
627 650
615 664
620 667
626 662
631 664
636 666
640 666
646 666
650 657
656 656
660 657
665 659
670 659
675 659
681 662
678 672
673 671
669 668
663 667
658 667
653 667
646 679
652 678
658 681
662 679
665 681
641 638
650 640
654 639
664 640
669 639
677 640
683 640
689 643
698 642
704 641
710 645
717 647
725 648
735 648
740 649
747 650
753 651
760 650
772 653
776 620
767 594
756 686
754 686
748 686
744 685
739 684
734 684
729 684
724 684
719 683
712 680
708 681
700 684
695 684
691 683
688 681
702 665
710 689
714 690
720 694
727 696
732 694
738 697
744 695
750 697
756 695
646 719
639 716
633 713
627 711
620 709
615 707
612 717
617 722
623 724
630 727
633 729
641 731
601 696
600 705
602 706
599 716
595 713
591 713
585 709
590 699
594 690
589 687
586 684
581 684
580 691
583 695
588 695
579 706
573 703
569 701
563 699
559 699
553 698
546 682
540 679
530 692
537 694
543 695
779 748
774 759
781 759
774 773
767 772
787 777
791 763
794 753
799 756
805 758
810 761
817 763
821 764
807 770
800 768
796 764
798 779
803 781
813 787
826 791
832 792
837 794
843 797
847 799
850 801
856 800
861 802
867 803
871 806
876 806
882 808
885 810
891 812
894 813
902 817
907 817
910 819
917 822
921 823
930 827
936 827
940 829
948 819
942 817
938 816
933 815
926 813
922 812
917 810
913 809
906 809
902 807
897 805
893 805
888 799
884 796
880 795
874 793
868 791
864 790
860 789
854 787
849 786
843 781
833 781
829 779
831 768
838 768
851 772
858 775
862 778
868 779
873 780
878 782
883 783
888 786
892 788
896 791
900 793
907 794
909 796
926 801
929 802
935 804
943 805
947 806
869 725
864 725
860 724
854 724
851 721
845 721
840 720
836 719
831 719
826 719
820 718
815 718
805 704
810 705
815 708
820 709
826 710
832 709
836 709
841 711
845 712
852 711
857 713
864 713
867 713
874 715
878 715
885 716
893 717
898 718
903 718
917 720
922 721
926 723
932 725
936 725
946 726
958 718
950 715
943 713
937 712
933 710
929 710
925 709
918 708
915 708
909 708
906 706
901 705
895 704
889 706
885 705
880 703
875 703
869 703
864 701
860 701
853 699
848 698
844 698
838 698
833 697
827 696
823 696
815 696
811 695
806 694
799 693
802 678
807 680
812 680
817 681
822 682
828 682
834 684
839 686
845 686
849 687
855 689
860 689
865 689
870 691
876 691
881 694
886 694
891 694
898 694
903 694
908 694
914 694
918 696
922 697
927 698
932 699
937 699
944 702
948 703
953 705
958 705
816 655
816 647
816 643
816 638
815 630
817 615
823 615
828 614
833 615
837 615
841 616
844 615
880 615
883 615
895 623
900 615
909 614
915 614
921 613
927 613
933 615
949 612
961 623
961 625
959 629
959 634
959 638
959 642
959 647
959 651
934 634
929 634
927 633
924 633
921 633
916 633
913 633
908 632
904 632
900 632
901 636
903 637
907 638
912 640
917 640
921 639
925 641
929 640
932 641
1107 505
1120 509
1126 510
1135 514
1141 516
1147 520
1154 521
1160 523
1166 526
1173 527
1182 528
1189 530
1194 532
439 577
433 577
1123 784
1133 779
1134 786
1146 780
1145 790
1157 785
1154 793
1164 791
1174 794
1185 796
1195 802
1184 808
1190 814
1195 808
1202 805
1210 810
1215 811
1221 813
1225 814
1235 808
1237 821
1244 813
1248 823
1256 824
1260 830
1254 837
1264 838
1264 844
1274 846
1274 840
1275 833
1281 848
1282 841
1283 836
1290 842
1288 851
1291 852
1293 855
1295 844
1298 832
1294 832
1289 829
1282 827
1275 826
1271 825
1264 825
1253 815
1259 816
1266 816
1273 817
1279 818
1286 819
1290 820
1296 823
1302 823
1311 828
1298 815
1293 813
1288 809
1282 808
1277 807
1271 806
1278 795
1285 797
1292 800
1297 802
1162 884
1171 881
1171 889
1183 887
1183 893
1193 897
1206 904
1206 894
1210 888
1218 894
1217 907
1224 909
1229 912
1234 915
1238 916
1243 918
1248 920
1252 922
1259 926
1263 928
1268 930
1281 934
1279 923
1268 920
1260 915
1250 911
1239 906
1304 942
1325 939
1324 944
1320 956
1332 962
1332 954
1337 946
1345 950
1344 960
1340 968
1350 972
1351 963
1356 955
1362 959
1364 972
1374 965
1286 897
1296 883
1316 892
1322 895
1328 899
1336 900
1343 903
1351 906
1366 909
1356 903
1376 917
1381 923
1389 931
1397 929
1410 937
1418 943
1397 945
1406 947
1411 955
1419 955
1430 960
1443 963
1402 967
1423 975
1444 984
1453 986
1465 990
1474 994
1485 1000
1494 1004
1503 1009
1511 1010
1221 760
1224 751
1222 746
1219 734
1202 749
1171 758
1161 757
1159 749
1229 739
1238 739
1236 744
1234 749
1234 755
1231 761
1231 768
1229 778
1241 771
1244 761
1247 748
1246 742
1253 759
1253 765
1253 770
1252 779
1263 777
1262 767
1264 761
1266 754
1266 749
1277 747
1276 754
1273 760
1275 772
1275 780
1290 782
1283 766
1285 758
1287 751
1288 746
1296 754
1294 761
1294 767
1305 768
1305 761
1308 757
1307 748
1301 773
1302 785
1311 774
1312 764
1319 764
1322 756
1327 752
1329 767
1328 771
1327 777
1318 779
1326 782
1325 789
1326 797
1336 793
1335 786
1334 782
1338 778
1343 777
1356 787
1348 786
1344 786
1343 795
1344 801
1346 808
1356 797
1321 846
1318 851
1324 855
1372 813
1374 805
1375 796
1376 789
1381 785
1390 789
1387 796
1390 802
1389 813
1401 814
1401 806
1402 799
1403 794
1414 801
1413 808
1412 815
1389 855
1389 858
1388 867
1420 863
1422 857
1434 857
1429 862
1437 865
1435 871
1432 812
1446 794
1460 796
1480 808
1448 949
1470 960
1484 974
1465 936
1475 939
1476 935
1467 924
1473 921
1479 920
1484 919
1471 898
1474 888
1492 920
1546 952
1547 946
1549 942
1549 936
1549 931
1551 925
1552 920
1542 811
1517 825
1517 831
1519 837
1505 845
1527 846
1528 840
1530 835
1527 854
1517 859
1539 862
1537 847
1504 874
1524 818
1034 673
1039 674
1044 675
1050 675
1054 677
1059 678
1064 679
1067 680
1071 657
1067 657
1061 655
1059 654
1052 653
1047 653
1042 651
1038 651
1094 271
1112 277
1119 277
1133 259
1125 249
1113 249
1109 249
1100 249
1050 290
962 307
873 358
974 263
923 272
926 243
972 230
985 228
998 225
1014 223
