0 98
5 98
10 102
14 99
18 98
23 98
29 100
33 100
36 99
46 104
51 102
57 102
62 102
65 104
70 103
74 103
81 108
82 103
82 100
84 96
86 93
84 90
83 86
83 82
3 150
7 150
13 151
18 150
24 150
30 153
34 151
40 152
45 152
50 151
54 152
61 153
66 153
70 152
75 151
96 156
111 157
115 156
120 157
124 156
128 156
134 155
139 155
144 156
149 156
159 153
173 153
198 141
210 141
213 142
216 141
222 141
226 141
229 144
232 145
237 161
241 159
247 161
357 288
356 281
357 273
359 263
360 255
357 249
356 243
355 237
354 231
363 231
370 232
372 237
369 243
368 250
371 255
368 262
371 267
369 272
365 281
366 286
384 286
383 279
384 272
394 285
395 279
393 272
395 266
397 260
397 255
393 250
392 245
393 239
405 284
405 277
406 271
406 265
406 261
406 242
406 237
418 235
418 240
417 246
417 254
417 259
416 265
415 271
414 277
416 283
431 283
435 277
432 271
432 266
429 260
430 253
429 247
429 241
430 235
440 235
442 239
442 247
443 252
442 258
442 264
444 270
445 276
454 227
359 215
356 210
356 205
371 215
381 219
381 212
369 205
364 198
364 192
365 179
364 175
363 169
360 163
362 158
375 160
375 165
377 171
380 176
388 174
386 167
385 161
397 162
400 175
407 177
419 183
415 196
423 192
438 192
429 207
435 211
411 211
412 217
457 177
457 183
461 194
468 180
481 180
480 186
489 184
467 243
472 242
403 217
402 208
466 253
473 252
479 251
467 264
475 265
482 263
470 275
474 281
480 277
487 280
474 203
478 210
480 224
487 206
490 219
494 226
494 233
506 231
503 227
516 229
499 217
506 222
514 225
497 211
509 217
519 219
509 196
513 190
522 199
535 205
540 200
565 210
524 245
506 244
513 267
517 274
520 281
531 279
527 273
527 266
527 260
535 267
537 271
540 261
551 261
545 267
548 270
554 277
565 277
561 272
562 266
570 265
578 266
578 270
596 264
539 238
540 233
540 229
543 223
550 231
550 235
550 241
559 247
557 240
558 235
567 231
570 237
570 241
572 249
582 247
590 245
607 245
585 264
588 271
598 270
594 275
617 250
604 224
620 227
620 232
629 238
640 234
641 240
645 246
649 253
634 262
624 266
635 267
636 272
627 273
407 344
409 353
410 370
412 384
412 399
413 414
414 429
416 445
435 432
435 424
425 385
423 370
419 343
432 367
432 361
432 354
430 347
431 340
429 332
524 439
524 434
523 428
523 424
523 420
522 405
521 401
521 395
521 391
520 385
520 380
519 374
519 369
518 365
518 359
519 356
518 351
517 347
517 340
517 335
517 330
516 325
595 440
595 433
595 427
593 421
593 415
593 407
592 402
592 396
591 389
592 384
592 376
591 370
698 440
707 439
697 424
696 406
694 390
691 371
761 439
761 431
760 424
760 407
760 402
759 395
759 377
759 372
759 367
758 360
757 349
756 344
755 339
755 332
755 327
754 322
754 315
826 436
826 430
826 415
825 404
824 399
823 395
823 390
822 385
823 381
822 376
822 371
822 367
822 362
822 358
822 353
822 350
821 344
820 338
820 335
821 329
821 324
820 318
926 426
925 421
925 416
925 411
924 406
925 402
924 396
924 392
924 386
922 382
923 377
922 373
922 350
922 345
922 339
921 336
921 330
921 325
921 319
920 314
919 309
921 302
445 508
444 514
445 524
433 532
433 538
433 543
433 548
432 553
433 559
433 565
447 572
448 584
438 675
441 674
446 674
453 674
458 672
463 672
468 672
473 670
478 671
482 672
485 670
490 668
495 669
501 669
504 668
511 671
516 669
521 670
527 669
538 668
543 668
550 667
556 668
562 668
568 669
573 669
580 669
587 667
593 667
598 667
603 667
609 668
615 667
621 667
627 667
631 665
637 664
643 663
649 664
656 664
661 663
667 663
672 662
678 661
684 661
529 634
528 610
527 594
526 582
527 575
524 542
523 519
523 511
503 603
569 715
577 716
584 718
592 718
600 715
642 711
650 712
656 709
645 725
650 727
657 726
605 631
606 624
605 619
604 613
603 607
603 601
602 596
602 588
602 582
602 572
601 567
600 560
600 554
600 550
599 543
599 537
599 532
599 527
598 522
597 516
599 510
596 503
654 602
663 601
662 586
654 585
654 574
661 571
661 561
653 560
651 544
659 544
659 532
651 530
650 517
658 516
657 505
650 504
668 503
669 511
670 517
670 525
669 532
670 538
671 544
671 550
670 557
670 564
671 571
671 577
671 582
671 589
672 596
672 603
673 610
674 617
701 617
701 609
701 603
701 597
700 590
700 584
699 577
699 570
699 563
700 556
698 550
698 542
698 536
696 529
696 522
696 516
695 508
695 503
712 660
719 659
724 659
730 657
736 658
742 657
749 657
768 589
767 584
768 577
765 570
765 562
765 556
765 549
765 542
764 535
765 529
766 523
763 516
763 507
764 501
763 493
804 654
809 654
816 654
836 616
836 610
836 603
835 596
834 589
834 583
833 578
834 571
832 564
833 558
832 552
832 546
833 541
832 535
831 529
832 521
831 515
832 508
831 503
829 498
830 491
855 489
855 495
854 501
855 510
855 516
855 520
855 526
855 535
855 539
856 545
856 550
856 557
856 563
857 569
857 576
858 582
858 590
859 596
859 603
860 609
911 501
910 496
910 491
909 482
872 628
877 627
897 651
902 650
909 650
914 650
930 649
936 647
941 647
947 645
953 645
959 648
965 647
978 646
983 646
994 645
1000 645
1005 645
971 624
966 623
962 623
958 623
1029 622
1034 620
1039 620
1014 592
1014 579
1013 565
1014 549
1012 537
1013 522
1010 510
1010 498
1009 489
1002 488
1002 499
1004 511
1005 526
1006 540
1005 551
1006 567
1007 579
998 579
999 565
1073 608
1072 602
1073 595
1072 589
1072 582
1072 574
1073 567
1072 560
1070 555
1071 546
1070 540
1068 534
1069 526
1068 520
1067 514
1067 507
1067 500
1068 494
1067 487
1067 478
986 428
994 423
991 395
980 402
979 395
981 388
979 380
980 365
995 343
995 338
994 332
994 325
994 319
993 313
993 307
992 301
992 294
982 304
981 311
1051 418
1050 411
1049 402
1048 396
1048 388
1048 383
1047 374
1047 361
1046 355
1044 348
1044 341
1044 334
1044 327
1046 319
1043 313
1041 304
1048 303
1056 294
1064 293
1069 291
1072 305
1066 305
1060 306
1060 319
1066 317
1072 317
1072 329
1068 329
1064 329
1062 344
1067 343
1074 344
1062 354
1068 354
1074 354
1065 366
1069 367
1073 365
1062 381
1068 380
1074 382
1062 394
1069 393
1074 393
1063 405
1068 405
1075 404
1064 417
1072 417
1077 416
1087 414
1085 403
1085 391
1083 378
1082 366
1081 352
1080 341
1081 329
1079 318
1078 305
1086 293
1091 293
1094 302
1088 304
1090 318
1095 318
1095 330
1089 331
1088 343
1095 343
1096 355
1089 356
1089 366
1095 366
1097 379
1091 380
1097 393
1098 400
1097 408
1100 414
1106 474
1106 481
1106 488
1106 494
1107 501
1107 508
1108 515
1107 523
1107 528
1108 536
1110 543
1110 549
1111 556
1111 562
1111 567
1110 574
1110 581
1110 588
1109 594
1109 603
1172 547
1171 535
1171 518
1170 504
1170 492
1171 479
1187 514
1197 513
1206 512
1236 512
1242 513
1247 513
1187 536
1192 535
1198 535
1204 534
1208 534
1214 535
1220 534
1225 534
1231 534
1236 534
1241 533
1246 532
1251 532
1257 533
1263 533
1269 531
1273 531
1282 485
1283 495
1290 496
1292 513
1285 513
1286 527
1293 527
1294 545
1288 541
1287 553
1281 550
1276 550
1270 550
1265 550
1259 552
1254 552
1249 552
1243 552
1237 552
1231 553
1227 553
1221 554
1210 562
1204 554
1173 585
1185 603
1198 608
1204 608
1221 607
1228 605
1233 604
1247 602
1251 601
1263 600
1267 600
1282 586
1282 570
1278 570
1271 570
1266 571
1260 571
1255 573
1249 574
1244 574
1238 573
1233 574
1228 574
1222 575
1217 575
1212 576
1205 576
1206 593
1211 593
1218 593
1172 420
1171 414
1174 408
1172 402
1172 395
1172 390
1172 385
1171 377
1170 372
1171 366
1171 361
1171 356
1169 349
1168 338
1170 333
1168 327
1168 320
1168 315
1168 309
1167 302
1165 294
1222 300
1233 281
1231 286
1232 292
1233 298
1234 306
1234 312
1235 317
1235 323
1234 331
1235 337
1235 342
1235 347
1236 355
1237 362
1236 368
1237 372
1236 380
1237 386
1237 393
1238 399
1238 404
1239 410
1309 287
1316 289
1317 302
1310 302
1310 317
1315 318
1317 334
1311 331
1309 344
1315 347
1317 392
1316 399
1319 405
1319 490
1319 497
1318 504
1319 510
1319 515
1320 521
1321 527
1320 532
1320 539
1323 543
1321 550
1322 558
1323 571
1321 580
1321 589
1322 595
1323 601
1265 631
1261 631
1255 631
1249 631
1243 632
1238 632
1231 632
1225 632
1211 633
1206 633
1198 633
1191 633
1185 633
695 774
712 775
694 747
681 753
792 772
794 778
929 827
935 829
941 828
947 829
953 828
962 828
967 827
972 826
976 828
982 830
987 830
996 830
995 817
989 816
982 816
975 815
968 814
961 815
955 815
947 815
940 817
934 814
927 814
935 803
940 804
948 803
957 805
962 803
971 803
978 803
988 801
992 803
1001 803
1006 799
1011 797
1003 786
994 787
985 789
979 790
970 789
962 791
954 792
947 792
942 792
933 792
930 776
939 779
948 779
955 780
963 779
970 778
977 778
984 776
990 775
1001 775
1006 825
1004 815
1010 816
1018 813
1025 815
1023 800
1021 789
1030 825
1033 811
1040 810
1046 809
1047 819
1058 825
1057 815
1065 816
1070 826
1074 817
1088 817
1094 817
1100 816
1105 815
1111 814
1112 827
1120 828
1128 829
1134 828
1142 827
1139 815
1132 814
1125 817
1124 789
1139 747
1158 825
1154 813
1169 825
1164 812
1162 799
1178 825
1174 813
1170 802
1167 789
1158 786
1155 774
1161 774
1169 774
1175 773
1180 772
1187 769
1191 780
1184 782
1178 785
1173 786
1176 800
1182 796
1190 796
1195 793
1187 809
1195 804
1202 801
1185 822
1189 820
1193 818
1219 812
1225 810
1233 807
1239 803
1245 802
1247 796
1255 794
1260 790
1265 789
1272 786
1211 801
1216 799
1220 797
1226 795
1233 792
1241 791
1206 789
1219 786
1225 782
1234 781
1232 767
1221 760
1212 761
1215 773
1209 776
1204 767
1198 767
1201 777
1245 783
1251 782
1261 779
1265 776
1273 777
1282 777
1288 773
1295 775
1291 764
1302 764
1296 751
1290 748
1284 755
1276 759
1276 748
1264 751
1268 762
1262 763
1254 765
1246 770
1241 771
1237 759
1244 758
1250 754
1254 746
1018 678
1027 678
1037 679
1047 677
1056 677
1065 678
1072 677
1080 677
1087 677
1093 677
1100 676
1108 676
1114 675
1120 675
1127 675
1136 675
1142 674
1149 674
1156 674
1163 674
1169 674
1175 674
1181 673
1187 673
1195 672
1202 670
1207 670
1215 668
1221 668
1229 669
1236 667
1243 666
1250 666
1257 664
1262 664
1269 664
1275 663
1281 664
1288 663
1295 661
1301 660
1308 660
1313 660
1318 661
1326 661
1332 659
1337 658
1333 670
1327 671
1323 672
1315 673
1310 672
1302 674
1298 675
1290 676
1284 677
1278 676
1272 677
1264 679
1259 679
1253 680
1246 680
1238 683
1231 684
1224 683
1218 684
1212 684
1203 684
1197 684
1190 685
1181 685
1176 686
1170 685
1157 686
1149 686
1144 685
1150 704
1156 703
1163 703
1168 704
1173 702
1180 702
1186 702
1191 700
1198 701
1205 700
1211 700
1217 699
1226 698
1232 696
1238 696
1246 695
1252 695
1258 693
1265 691
1272 690
1277 690
1283 690
1291 690
1298 687
1304 687
1311 684
1316 684
1321 686
1325 697
1318 696
1307 697
1299 699
1290 700
1282 702
1276 703
1269 702
1264 704
1257 706
1251 708
1245 710
1240 710
1234 711
1227 712
1221 713
1216 713
1208 714
1201 715
1197 714
1189 714
1182 715
1175 715
1170 716
1164 716
1158 716
1152 716
1152 730
1159 730
1165 729
1171 728
1178 726
1183 726
1190 724
1195 724
1203 724
1214 723
1219 723
1226 723
1231 721
1237 719
1243 719
1247 719
1253 719
1260 720
1267 717
1272 715
1279 714
1286 712
1293 712
1298 711
1303 710
1307 708
1314 708
1138 723
1131 724
1127 723
1118 724
1114 722
1333 278
1341 279
1349 277
1355 277
1329 261
1336 269
1344 266
1349 266
1335 255
1340 253
1347 254
1356 264
1356 253
1367 249
1373 257
1344 242
1336 231
1330 234
1328 221
1327 208
1325 195
1322 180
1331 180
1336 202
1343 181
1349 181
1355 179
1369 177
1374 175
1382 174
1387 171
1392 185
1393 200
1396 208
1397 221
1389 223
1383 225
1376 225
1366 227
1379 239
1363 214
1370 215
1377 212
1383 214
1381 201
1376 201
1370 202
1363 204
1356 206
1351 204
1346 193
1354 193
1359 192
1376 189
1411 200
1410 195
1408 189
1406 179
1403 172
1475 282
1477 288
1481 296
1430 336
1522 292
1520 288
1520 280
1520 271
1516 260
1515 252
1506 235
1500 226
1494 217
1619 522
1615 508
1629 513
1632 504
1619 498
1613 482
1651 567
1664 501
1664 490
1664 484
1662 479
1675 502
1676 493
1677 483
1674 476
1670 471
1666 451
1663 445
1660 439
1659 434
1656 428
1655 421
1654 416
1643 418
1646 423
1647 430
1650 436
1652 443
1653 448
1606 422
1597 431
1595 418
1595 405
1616 389
1621 398
1620 357
1604 359
1620 346
1608 349
1601 349
1590 349
1602 335
1611 334
1616 333
1597 321
1587 319
1579 319
1585 329
1586 306
1593 308
1578 301
1582 295
1584 286
1589 294
1610 311
1614 325
1602 290
1597 277
1591 265
1609 286
1605 275
1602 265
1611 257
1618 254
1618 269
1622 265
1628 263
1626 250
1650 263
1643 267
1647 256
1638 256
1634 245
1639 243
1633 231
1606 245
1645 227
1651 239
1656 235
1658 251
1660 223
1673 219
1684 233
1691 232
1696 240
1701 238
1709 222
1720 218
1700 215
1706 211
1687 206
1696 201
1709 193
1714 190
1720 200
1714 204
1738 199
1737 187
1746 182
1753 187
1759 194
1769 189
1777 202
1787 195
1786 191
1784 185
1780 181
1778 176
1785 167
1788 173
1791 178
1793 185
1795 191
1804 185
1803 179
1801 175
1798 168
1797 160
1813 171
1813 178
1836 160
1862 139
1854 123
1856 119
1850 115
1850 109
1835 116
1847 100
1835 105
1834 99
1845 93
1801 104
1817 81
1815 76
1811 71
1809 67
1833 71
1825 50
1820 65
1827 64
1830 61
1791 80
1796 79
1800 86
1784 83
1776 148
1768 136
1762 138
1758 139
1763 149
1749 156
1742 160
1726 159
1710 158
1703 169
1697 162
1701 157
1704 147
1699 137
1694 128
1688 116
1683 106
1677 98
1689 90
1712 126
1687 151
1680 155
1686 177
1673 159
1675 124
1663 115
1659 132
1655 121
1650 126
1644 117
1647 112
1662 178
1654 184
1649 186
1642 175
1651 171
1655 168
1650 160
1641 163
1636 167
1631 156
1636 153
1641 150
1635 138
1623 132
1608 143
1601 145
1589 151
1583 156
1578 159
1572 162
1556 173
1552 188
1556 185
1562 183
1568 191
1563 195
1559 198
1552 204
1550 206
1560 210
1567 204
1574 202
1581 195
1581 211
1574 214
1571 220
1587 223
1581 227
1576 230
1594 219
1604 218
1607 211
1603 202
1596 204
1590 204
1592 195
1597 193
1627 186
1622 177
1615 180
1615 166
1609 157
1602 160
1593 163
1586 167
1554 240
1510 140
1516 138
1509 130
1506 133
1515 127
1519 133
1520 123
1523 130
1524 121
1528 128
1535 125
1530 117
1533 114
1538 121
1547 120
1540 111
1544 108
1549 115
1549 105
1555 112
1561 109
1569 109
1560 99
1556 102
1571 93
1576 90
1580 87
1585 85
1597 91
1592 94
1586 96
1582 101
1630 4
1637 1
1624 6
1621 9
1614 13
1610 15
1605 19
1600 22
1594 26
1590 27
1582 32
1577 33
1574 37
1567 26
1573 23
1576 20
1581 17
1587 13
1592 9
1598 7
1605 5
1570 6
1566 11
1559 28
1561 18
1553 16
1554 5
1546 7
1540 9
1530 15
1526 18
1520 21
1513 25
1507 13
1512 9
1519 6
1519 38
1526 34
1533 31
1537 28
1543 25
1554 33
1549 37
1542 41
1539 43
1534 47
1543 56
1552 46
1558 45
1525 66
1518 69
1512 71
1507 74
1485 71
1467 69
1460 69
1447 69
1450 88
1435 84
1424 82
1424 88
1415 94
1398 98
1399 92
1401 87
1402 78
1400 74
1395 64
1475 106
1467 106
1463 108
1449 114
1442 109
1443 119
1438 123
1430 124
1430 114
1422 114
1417 116
1424 126
1421 137
1411 134
1404 136
1406 119
1402 119
1399 113
1391 120
1375 118
1376 100
1378 92
1376 85
1380 72
1377 70
1377 66
1372 62
1373 81
1371 77
1370 71
1367 70
1366 66
1368 85
1365 80
1364 76
1360 73
1357 89
1355 84
1353 80
1350 77
1350 93
1346 88
1343 85
1341 97
1338 93
1336 90
1334 87
1349 104
1332 114
1334 103
1332 99
1328 92
1326 108
1324 104
1322 101
1318 98
1317 113
1315 108
1311 104
1309 101
1306 118
1305 113
1303 110
1299 121
1297 117
1295 112
1296 113
1309 128
1322 147
1311 149
1317 162
1291 126
1287 123
1284 120
1283 117
1284 172
1269 176
1264 158
1261 153
1262 147
1260 143
1256 139
1256 136
1246 139
1241 148
1258 168
1255 162
1253 158
1249 154
1247 148
1249 171
1247 167
1244 163
1235 167
1231 161
1222 165
1227 171
1217 171
1240 178
1247 180
1212 164
984 615
978 615
